2.531555419921875000e+03
1.222624267578125000e+03
1.501846069335937500e+03
1.563047851562500000e+03
1.284903686523437500e+03
1.268509033203125000e+03
2.290546875000000000e+03
1.637859741210937500e+03
1.237711669921875000e+03
1.326789306640625000e+03
2.144242431640625000e+03
1.839455566406250000e+03
1.318731933593750000e+03
1.901841674804687500e+03
1.860303833007812500e+03
1.305824096679687500e+03
1.254482910156250000e+03
1.502469726562500000e+03
1.603234863281250000e+03
2.626138427734375000e+03
1.294149291992187500e+03
1.241154174804687500e+03
1.701349609375000000e+03
2.439277099609375000e+03
1.644228027343750000e+03
1.571607666015625000e+03
1.970498535156250000e+03
1.323340454101562500e+03
2.291122314453125000e+03
2.092518798828125000e+03
1.370457641601562500e+03
1.668918945312500000e+03
1.532499145507812500e+03
1.304525756835937500e+03
1.215900146484375000e+03
1.777567749023437500e+03
1.665415283203125000e+03
1.362118041992187500e+03
1.859471435546875000e+03
1.347910766601562500e+03
1.348480957031250000e+03
1.235218383789062500e+03
1.666200683593750000e+03
2.468195068359375000e+03
1.794052612304687500e+03
1.334344482421875000e+03
1.734948486328125000e+03
1.223749633789062500e+03
1.273450561523437500e+03
1.520898193359375000e+03
1.209045654296875000e+03
1.238755249023437500e+03
2.033871093750000000e+03
1.584683349609375000e+03
3.500631103515625000e+03
1.621728027343750000e+03
1.570567260742187500e+03
1.910937988281250000e+03
1.458563598632812500e+03
1.824097167968750000e+03
1.500027343750000000e+03
1.364960327148437500e+03
1.235338745117187500e+03
1.613044921875000000e+03
1.605082153320312500e+03
1.874565429687500000e+03
1.676643310546875000e+03
1.417202758789062500e+03
1.205170166015625000e+03
1.581785278320312500e+03
1.515266479492187500e+03
1.709425781250000000e+03
1.262143310546875000e+03
1.350578735351562500e+03
1.284013671875000000e+03
1.367039306640625000e+03
1.814146850585937500e+03
1.857059082031250000e+03
1.297694946289062500e+03
1.925991943359375000e+03
1.691078125000000000e+03
1.316341430664062500e+03
1.450992553710937500e+03
1.311818237304687500e+03
1.619636230468750000e+03
1.331019531250000000e+03
1.563753540039062500e+03
1.332046752929687500e+03
1.268785278320312500e+03
2.080833007812500000e+03
1.973154418945312500e+03
1.226785888671875000e+03
1.846877075195312500e+03
1.231834716796875000e+03
1.767289672851562500e+03
1.331098632812500000e+03
1.546440795898437500e+03
1.358411010742187500e+03
1.380226928710937500e+03
1.688230957031250000e+03
2.463187011718750000e+03
1.542691650390625000e+03
1.776257080078125000e+03
1.326237792968750000e+03
1.339589477539062500e+03
1.331912719726562500e+03
1.345189453125000000e+03
1.259391845703125000e+03
1.623882690429687500e+03
1.474814575195312500e+03
1.257327636718750000e+03
1.878053710937500000e+03
2.623252441406250000e+03
1.240850219726562500e+03
1.779569458007812500e+03
1.952994873046875000e+03
1.317540283203125000e+03
1.398259155273437500e+03
1.212659912109375000e+03
2.392476318359375000e+03
1.320524658203125000e+03
1.271552124023437500e+03
1.279176269531250000e+03
1.431977905273437500e+03
1.701815063476562500e+03
1.328987548828125000e+03
1.316350830078125000e+03
1.410262817382812500e+03
2.016238891601562500e+03
1.245276000976562500e+03
1.319132446289062500e+03
1.752531738281250000e+03
1.464230224609375000e+03
1.368328491210937500e+03
1.812568237304687500e+03
1.270663208007812500e+03
1.240526000976562500e+03
1.421776611328125000e+03
1.312152099609375000e+03
1.237860351562500000e+03
1.234121826171875000e+03
1.256613647460937500e+03
1.283258666992187500e+03
1.456223022460937500e+03
1.559696655273437500e+03
1.480907714843750000e+03
1.615061401367187500e+03
1.363476562500000000e+03
1.984675537109375000e+03
1.637214355468750000e+03
1.403794311523437500e+03
1.266204467773437500e+03
2.090336914062500000e+03
1.617621093750000000e+03
2.622422607421875000e+03
1.296122924804687500e+03
1.566428833007812500e+03
2.394020996093750000e+03
1.303636840820312500e+03
1.208841918945312500e+03
1.406491210937500000e+03
1.359534179687500000e+03
1.358520629882812500e+03
1.664625854492187500e+03
1.384068115234375000e+03
1.715198852539062500e+03
1.393902343750000000e+03
1.251959594726562500e+03
1.705268554687500000e+03
1.228795532226562500e+03
2.918433593750000000e+03
1.649319702148437500e+03
1.855718872070312500e+03
1.652319702148437500e+03
1.213498046875000000e+03
1.254925659179687500e+03
2.701181396484375000e+03
1.285908569335937500e+03
1.258557373046875000e+03
1.348462890625000000e+03
1.563506347656250000e+03
1.212127075195312500e+03
1.408614746093750000e+03
1.754024536132812500e+03
1.602738769531250000e+03
1.433554443359375000e+03
2.138537109375000000e+03
1.479730712890625000e+03
1.395362670898437500e+03
1.259312866210937500e+03
2.457345214843750000e+03
1.472365478515625000e+03
1.387925537109375000e+03
1.233110839843750000e+03
1.391248413085937500e+03
1.230140502929687500e+03
1.578148559570312500e+03
2.179701904296875000e+03
3.783966552734375000e+03
1.471992797851562500e+03
1.403639160156250000e+03
1.292350952148437500e+03
1.740753173828125000e+03
1.279723022460937500e+03
2.205442138671875000e+03
2.923404785156250000e+03
1.244859619140625000e+03
1.682764038085937500e+03
1.432079589843750000e+03
1.394000854492187500e+03
1.385089355468750000e+03
1.281161132812500000e+03
1.318710083007812500e+03
2.052586914062500000e+03
2.045464599609375000e+03
1.644706909179687500e+03
1.373433837890625000e+03
1.254666625976562500e+03
2.541222167968750000e+03
1.299986816406250000e+03
1.346662231445312500e+03
1.303376220703125000e+03
1.219547241210937500e+03
2.422591796875000000e+03
1.293867065429687500e+03
1.410904296875000000e+03
1.272145996093750000e+03
1.456245483398437500e+03
1.235997070312500000e+03
1.400025634765625000e+03
1.208367309570312500e+03
1.550934326171875000e+03
1.462150390625000000e+03
1.603260864257812500e+03
1.408635986328125000e+03
1.387358642578125000e+03
1.746299682617187500e+03
1.489637695312500000e+03
1.327687988281250000e+03
1.471184814453125000e+03
1.475933959960937500e+03
1.305430053710937500e+03
2.692515380859375000e+03
1.692597656250000000e+03
1.332149536132812500e+03
1.387671264648437500e+03
1.411515014648437500e+03
1.462730957031250000e+03
1.505585449218750000e+03
2.598122802734375000e+03
1.334018676757812500e+03
1.513522827148437500e+03
1.214010864257812500e+03
1.552164794921875000e+03
1.578493164062500000e+03
1.747877929687500000e+03
1.242205566406250000e+03
1.767029174804687500e+03
1.569298339843750000e+03
1.207674194335937500e+03
2.011698608398437500e+03
1.647322387695312500e+03
1.223014282226562500e+03
1.396063720703125000e+03
1.597524658203125000e+03
1.327238403320312500e+03
1.470040893554687500e+03
1.200291625976562500e+03
1.504302001953125000e+03
2.132378417968750000e+03
2.599792236328125000e+03
1.229641235351562500e+03
2.603407470703125000e+03
1.242212036132812500e+03
1.228794921875000000e+03
1.879772705078125000e+03
1.328642456054687500e+03
1.200392944335937500e+03
1.269840698242187500e+03
1.692790527343750000e+03
1.676243652343750000e+03
2.556837646484375000e+03
2.326618896484375000e+03
1.867119384765625000e+03
1.279165405273437500e+03
1.335042114257812500e+03
1.861845703125000000e+03
1.422546630859375000e+03
1.733128784179687500e+03
1.419919677734375000e+03
1.347807006835937500e+03
1.487405151367187500e+03
1.597677612304687500e+03
1.254271850585937500e+03
1.598960937500000000e+03
1.375901855468750000e+03
1.411090820312500000e+03
1.293456298828125000e+03
1.239327392578125000e+03
1.486857421875000000e+03
1.687064208984375000e+03
1.217417236328125000e+03
1.348088623046875000e+03
1.528008178710937500e+03
2.246366943359375000e+03
1.517654296875000000e+03
1.765076904296875000e+03
2.609131591796875000e+03
1.574929199218750000e+03
1.842255859375000000e+03
1.544353027343750000e+03
1.503510131835937500e+03
2.905296875000000000e+03
1.893645874023437500e+03
1.248097534179687500e+03
1.995593383789062500e+03
1.232770141601562500e+03
1.219546630859375000e+03
1.397428588867187500e+03
1.414305541992187500e+03
1.685877807617187500e+03
2.597486816406250000e+03
1.886140136718750000e+03
3.224484619140625000e+03
1.392315795898437500e+03
1.386027709960937500e+03
3.271086669921875000e+03
1.225564697265625000e+03
1.310878051757812500e+03
1.436438842773437500e+03
1.291149902343750000e+03
1.899477905273437500e+03
2.188394775390625000e+03
1.726727050781250000e+03
1.589255737304687500e+03
1.563706665039062500e+03
2.021001953125000000e+03
1.870099121093750000e+03
1.266200073242187500e+03
2.222629150390625000e+03
1.520487670898437500e+03
1.452565307617187500e+03
1.308504516601562500e+03
1.416749145507812500e+03
1.389699951171875000e+03
1.392917846679687500e+03
1.417312866210937500e+03
1.609959228515625000e+03
1.241650634765625000e+03
1.441974121093750000e+03
1.267877929687500000e+03
1.729735229492187500e+03
1.347772827148437500e+03
1.523438842773437500e+03
2.274692626953125000e+03
1.406590209960937500e+03
1.361667358398437500e+03
1.215166137695312500e+03
1.445788208007812500e+03
1.465159667968750000e+03
1.284507446289062500e+03
1.297993652343750000e+03
1.529620117187500000e+03
1.234989990234375000e+03
1.977020751953125000e+03
1.958168457031250000e+03
1.721007934570312500e+03
1.565185668945312500e+03
1.360715209960937500e+03
1.211788330078125000e+03
1.278634887695312500e+03
2.067465820312500000e+03
1.249906616210937500e+03
1.683949462890625000e+03
2.433317138671875000e+03
1.318919433593750000e+03
1.250935791015625000e+03
1.612473754882812500e+03
1.443930053710937500e+03
1.801486450195312500e+03
1.947706420898437500e+03
2.339732666015625000e+03
2.425194335937500000e+03
1.426623413085937500e+03
2.135328857421875000e+03
1.280229125976562500e+03
1.896277465820312500e+03
1.532629028320312500e+03
1.374698120117187500e+03
1.487806518554687500e+03
2.597265869140625000e+03
1.697419311523437500e+03
1.539969970703125000e+03
1.877034423828125000e+03
1.270817504882812500e+03
1.245919799804687500e+03
1.572909790039062500e+03
1.202341918945312500e+03
1.429680297851562500e+03
1.496309326171875000e+03
1.746618652343750000e+03
2.162115478515625000e+03
1.601866333007812500e+03
1.296188110351562500e+03
1.310559448242187500e+03
1.443695068359375000e+03
1.206292846679687500e+03
1.659057250976562500e+03
1.463927490234375000e+03
1.250874267578125000e+03
1.620318969726562500e+03
1.244281860351562500e+03
1.202039306640625000e+03
1.511701660156250000e+03
1.439069946289062500e+03
1.766582519531250000e+03
1.517280517578125000e+03
1.410576293945312500e+03
2.018425415039062500e+03
1.282243530273437500e+03
1.406418579101562500e+03
1.221929443359375000e+03
1.996871582031250000e+03
1.630479370117187500e+03
1.266404541015625000e+03
2.006589111328125000e+03
2.109163574218750000e+03
1.756880249023437500e+03
1.741088256835937500e+03
1.796665405273437500e+03
1.944087158203125000e+03
1.975618896484375000e+03
1.940792236328125000e+03
1.904012207031250000e+03
1.365240112304687500e+03
2.364580322265625000e+03
2.196494384765625000e+03
1.765836669921875000e+03
1.545024169921875000e+03
1.403992675781250000e+03
1.681650878906250000e+03
1.403353515625000000e+03
2.316213134765625000e+03
1.252931030273437500e+03
2.004073120117187500e+03
2.157772460937500000e+03
1.821143188476562500e+03
1.785070922851562500e+03
1.649303588867187500e+03
2.826427490234375000e+03
1.320022827148437500e+03
2.633081298828125000e+03
1.312551513671875000e+03
3.310247558593750000e+03
1.593156250000000000e+03
1.453960083007812500e+03
1.225276855468750000e+03
1.472328491210937500e+03
2.441236572265625000e+03
1.241176147460937500e+03
1.539954589843750000e+03
1.434802734375000000e+03
1.770144287109375000e+03
1.243376220703125000e+03
1.561081665039062500e+03
1.240878784179687500e+03
2.517404296875000000e+03
1.340979370117187500e+03
1.508753173828125000e+03
1.600077026367187500e+03
1.212296508789062500e+03
1.671053466796875000e+03
1.437922485351562500e+03
1.229152832031250000e+03
1.465013305664062500e+03
1.532882812500000000e+03
2.156149902343750000e+03
2.059947509765625000e+03
1.533253540039062500e+03
1.499212036132812500e+03
1.257799316406250000e+03
2.710210205078125000e+03
1.492903564453125000e+03
1.347271728515625000e+03
2.694518554687500000e+03
1.275375732421875000e+03
1.877699707031250000e+03
1.397503784179687500e+03
1.520680786132812500e+03
1.287869384765625000e+03
1.297100097656250000e+03
1.424125244140625000e+03
1.235096069335937500e+03
2.156017822265625000e+03
1.294531982421875000e+03
1.228765869140625000e+03
1.566929443359375000e+03
1.796930908203125000e+03
1.349243652343750000e+03
1.473054809570312500e+03
1.640245361328125000e+03
1.254854248046875000e+03
1.470503295898437500e+03
2.369998779296875000e+03
1.415432861328125000e+03
1.691823608398437500e+03
1.354168212890625000e+03
1.544950561523437500e+03
2.090279052734375000e+03
1.568328491210937500e+03
1.329024291992187500e+03
1.983610595703125000e+03
1.324027709960937500e+03
1.478632934570312500e+03
2.011482666015625000e+03
1.440183837890625000e+03
1.313799194335937500e+03
1.271258422851562500e+03
1.374456298828125000e+03
1.382221313476562500e+03
1.204660888671875000e+03
1.606064697265625000e+03
1.354572998046875000e+03
2.128346923828125000e+03
2.490212646484375000e+03
1.241341064453125000e+03
1.698863403320312500e+03
1.630840698242187500e+03
1.234234497070312500e+03
2.097635009765625000e+03
2.115276367187500000e+03
1.297450317382812500e+03
1.498759033203125000e+03
1.749536132812500000e+03
1.264067016601562500e+03
2.057849121093750000e+03
1.966930175781250000e+03
1.360706542968750000e+03
1.207887207031250000e+03
1.205464965820312500e+03
1.503095947265625000e+03
1.517805053710937500e+03
1.288551635742187500e+03
2.110083496093750000e+03
1.438785888671875000e+03
1.677857421875000000e+03
1.769393310546875000e+03
1.632890991210937500e+03
1.365564208984375000e+03
1.411248901367187500e+03
1.228213745117187500e+03
2.087951660156250000e+03
1.461588012695312500e+03
1.496105957031250000e+03
1.310570800781250000e+03
1.324223632812500000e+03
1.343250488281250000e+03
1.727729248046875000e+03
1.753263916015625000e+03
1.451737182617187500e+03
1.538868408203125000e+03
1.263026245117187500e+03
1.606831420898437500e+03
1.246256591796875000e+03
2.099863769531250000e+03
1.935952636718750000e+03
1.277977416992187500e+03
1.531353515625000000e+03
1.554644165039062500e+03
1.776767578125000000e+03
1.389238281250000000e+03
1.703475341796875000e+03
1.410402343750000000e+03
1.478068481445312500e+03
1.445708862304687500e+03
1.528655883789062500e+03
2.022101684570312500e+03
1.308408081054687500e+03
1.509427001953125000e+03
2.381979736328125000e+03
1.840083129882812500e+03
1.587426757812500000e+03
3.778025146484375000e+03
1.310166992187500000e+03
1.486644531250000000e+03
1.870325927734375000e+03
1.244885986328125000e+03
1.504934082031250000e+03
1.231660400390625000e+03
1.956182373046875000e+03
1.982641357421875000e+03
1.223567871093750000e+03
1.217482910156250000e+03
1.689779174804687500e+03
1.226535888671875000e+03
3.109219970703125000e+03
1.341413574218750000e+03
1.521282714843750000e+03
1.579928710937500000e+03
1.597761108398437500e+03
1.314798950195312500e+03
1.215939086914062500e+03
1.296844970703125000e+03
1.689052612304687500e+03
1.275668090820312500e+03
1.918641113281250000e+03
1.690793945312500000e+03
1.437664062500000000e+03
1.255229980468750000e+03
1.950171264648437500e+03
1.217790161132812500e+03
1.380777221679687500e+03
1.273560546875000000e+03
1.381988159179687500e+03
2.070861083984375000e+03
1.229008178710937500e+03
1.638280517578125000e+03
2.923560546875000000e+03
1.239146362304687500e+03
1.494016723632812500e+03
2.560459716796875000e+03
1.669349487304687500e+03
1.765375610351562500e+03
1.300665405273437500e+03
1.333967407226562500e+03
1.652738525390625000e+03
2.359755126953125000e+03
1.215066040039062500e+03
1.633953369140625000e+03
1.549142089843750000e+03
1.631163818359375000e+03
2.440036376953125000e+03
1.232682128906250000e+03
2.795400390625000000e+03
1.494602050781250000e+03
1.334964721679687500e+03
1.344095947265625000e+03
1.267711059570312500e+03
1.642135986328125000e+03
1.380961181640625000e+03
1.590853759765625000e+03
2.961351562500000000e+03
1.398318847656250000e+03
1.219117065429687500e+03
2.328391357421875000e+03
1.374594360351562500e+03
1.240020629882812500e+03
1.829143554687500000e+03
3.264654052734375000e+03
2.154716552734375000e+03
3.962861328125000000e+03
1.467724609375000000e+03
1.206822875976562500e+03
1.460890869140625000e+03
1.393653564453125000e+03
1.464867675781250000e+03
1.206499267578125000e+03
1.255423461914062500e+03
1.530738525390625000e+03
1.434685058593750000e+03
1.422104125976562500e+03
1.831857910156250000e+03
1.293432739257812500e+03
2.239799560546875000e+03
2.479282226562500000e+03
1.534147094726562500e+03
1.304954345703125000e+03
1.812583862304687500e+03
1.236209106445312500e+03
1.542596191406250000e+03
1.234840820312500000e+03
1.380961181640625000e+03
1.986671752929687500e+03
1.428124633789062500e+03
1.368165405273437500e+03
2.119487792968750000e+03
1.328002441406250000e+03
1.307288574218750000e+03
1.363800781250000000e+03
1.668812377929687500e+03
1.378822387695312500e+03
1.635961914062500000e+03
1.478522583007812500e+03
1.521627685546875000e+03
1.546941284179687500e+03
1.517185668945312500e+03
1.810394775390625000e+03
1.909005493164062500e+03
1.410890869140625000e+03
1.375739746093750000e+03
2.010091186523437500e+03
2.142620117187500000e+03
1.425175781250000000e+03
1.213543701171875000e+03
1.710955566406250000e+03
1.581026489257812500e+03
1.222990234375000000e+03
1.215946533203125000e+03
1.626364990234375000e+03
2.588336181640625000e+03
1.686566284179687500e+03
2.486151611328125000e+03
1.232197509765625000e+03
2.036298339843750000e+03
1.820292968750000000e+03
1.369299560546875000e+03
1.326285278320312500e+03
1.426543212890625000e+03
1.628751708984375000e+03
1.531726074218750000e+03
1.568216552734375000e+03
1.350083374023437500e+03
1.461340454101562500e+03
1.846698120117187500e+03
1.286894042968750000e+03
1.576647338867187500e+03
1.231527832031250000e+03
2.544342285156250000e+03
1.254206909179687500e+03
1.441263916015625000e+03
1.295169433593750000e+03
4.285867187500000000e+03
1.652633789062500000e+03
1.279692260742187500e+03
1.295777465820312500e+03
2.196450195312500000e+03
1.306954833984375000e+03
1.902678710937500000e+03
1.233172607421875000e+03
2.576551269531250000e+03
1.288996093750000000e+03
1.396958984375000000e+03
1.640656005859375000e+03
1.433803588867187500e+03
1.300125610351562500e+03
1.234923339843750000e+03
2.047614257812500000e+03
1.323182006835937500e+03
1.208973022460937500e+03
1.345914184570312500e+03
1.742167358398437500e+03
1.546121093750000000e+03
1.343692260742187500e+03
1.756718383789062500e+03
1.501993164062500000e+03
1.718591918945312500e+03
1.385114624023437500e+03
1.212088623046875000e+03
1.279201660156250000e+03
1.760407104492187500e+03
1.281218383789062500e+03
2.029936157226562500e+03
1.265247436523437500e+03
1.502149414062500000e+03
1.227090087890625000e+03
1.452027465820312500e+03
1.833256835937500000e+03
1.257112060546875000e+03
1.488904418945312500e+03
3.079599609375000000e+03
1.582830688476562500e+03
2.208577636718750000e+03
1.714923095703125000e+03
2.154360107421875000e+03
1.318143676757812500e+03
1.792729492187500000e+03
2.521712402343750000e+03
1.727354125976562500e+03
1.213420654296875000e+03
1.746955322265625000e+03
1.200634277343750000e+03
1.405128540039062500e+03
1.430225830078125000e+03
1.222631713867187500e+03
1.362670898437500000e+03
1.632295532226562500e+03
1.227866210937500000e+03
2.352350341796875000e+03
1.292883178710937500e+03
2.551114501953125000e+03
1.411574340820312500e+03
1.293918945312500000e+03
1.254458740234375000e+03
1.696192993164062500e+03
1.976491699218750000e+03
1.844610473632812500e+03
1.269410644531250000e+03
1.237106079101562500e+03
1.533146362304687500e+03
1.200795898437500000e+03
1.878939819335937500e+03
2.189283935546875000e+03
3.008963378906250000e+03
1.447833007812500000e+03
1.275701416015625000e+03
1.520182617187500000e+03
1.268665161132812500e+03
1.505434204101562500e+03
1.210750244140625000e+03
2.093511962890625000e+03
1.348879272460937500e+03
1.592765136718750000e+03
1.525823608398437500e+03
1.624848510742187500e+03
1.434934936523437500e+03
1.572536010742187500e+03
1.644096557617187500e+03
1.463478759765625000e+03
1.372185424804687500e+03
1.377792358398437500e+03
1.390916503906250000e+03
1.348537841796875000e+03
1.495106201171875000e+03
1.795353027343750000e+03
1.388738037109375000e+03
1.760534790039062500e+03
1.284214355468750000e+03
1.396168090820312500e+03
1.412317871093750000e+03
1.933690429687500000e+03
1.503662475585937500e+03
1.380180664062500000e+03
2.927885742187500000e+03
1.321546020507812500e+03
1.210031616210937500e+03
1.205560913085937500e+03
1.433399047851562500e+03
1.446292724609375000e+03
1.604285156250000000e+03
1.650895629882812500e+03
2.444942382812500000e+03
1.487079101562500000e+03
1.466999755859375000e+03
1.464835083007812500e+03
2.075232666015625000e+03
1.594707397460937500e+03
1.276650024414062500e+03
1.605762817382812500e+03
1.567352172851562500e+03
1.378356201171875000e+03
1.406685913085937500e+03
1.475042358398437500e+03
1.409128662109375000e+03
1.225686401367187500e+03
2.000862304687500000e+03
1.723691772460937500e+03
2.247155761718750000e+03
1.896021606445312500e+03
1.706580566406250000e+03
3.709412109375000000e+03
1.423385498046875000e+03
1.820492675781250000e+03
1.380611572265625000e+03
1.295793457031250000e+03
1.214342651367187500e+03
1.363631591796875000e+03
1.244884033203125000e+03
1.302231689453125000e+03
1.822378173828125000e+03
1.221730102539062500e+03
1.560350952148437500e+03
1.530017822265625000e+03
1.269766235351562500e+03
1.724335449218750000e+03
1.976972412109375000e+03
1.276995117187500000e+03
1.417264892578125000e+03
1.439226196289062500e+03
1.549660644531250000e+03
1.284432495117187500e+03
1.971664184570312500e+03
1.222461791992187500e+03
1.379330566406250000e+03
1.627343750000000000e+03
1.731945922851562500e+03
2.232849121093750000e+03
2.300174560546875000e+03
1.504936889648437500e+03
2.191947265625000000e+03
1.702018188476562500e+03
1.378313598632812500e+03
1.302203369140625000e+03
1.224499511718750000e+03
1.543178100585937500e+03
1.209918945312500000e+03
1.246289184570312500e+03
1.238118896484375000e+03
2.042619750976562500e+03
1.223286987304687500e+03
2.536107666015625000e+03
1.595451904296875000e+03
1.303281372070312500e+03
1.723463989257812500e+03
1.436057006835937500e+03
1.249060180664062500e+03
1.709614257812500000e+03
2.562650146484375000e+03
1.561933715820312500e+03
1.215797607421875000e+03
2.511040527343750000e+03
1.746470947265625000e+03
1.675008422851562500e+03
1.384682006835937500e+03
1.694341552734375000e+03
1.567484985351562500e+03
1.201858520507812500e+03
1.435561523437500000e+03
1.334087524414062500e+03
1.241783813476562500e+03
1.471554321289062500e+03
1.599391967773437500e+03
2.219324951171875000e+03
1.369665527343750000e+03
2.427209228515625000e+03
2.205662109375000000e+03
2.300996826171875000e+03
1.672744262695312500e+03
1.348589599609375000e+03
1.525650146484375000e+03
1.459536499023437500e+03
1.283381103515625000e+03
1.570505859375000000e+03
1.796239013671875000e+03
1.268113891601562500e+03
1.370414306640625000e+03
1.334346557617187500e+03
2.165464111328125000e+03
1.265874389648437500e+03
1.261557128906250000e+03
1.495488281250000000e+03
1.643795166015625000e+03
1.200510864257812500e+03
1.755563842773437500e+03
2.184871093750000000e+03
1.384717529296875000e+03
1.984199584960937500e+03
1.488455322265625000e+03
1.281380859375000000e+03
1.492006103515625000e+03
2.107399169921875000e+03
2.042250854492187500e+03
1.283464477539062500e+03
1.548289794921875000e+03
1.232019897460937500e+03
2.067741455078125000e+03
1.822343505859375000e+03
1.408272094726562500e+03
1.212993286132812500e+03
1.395261718750000000e+03
1.236617675781250000e+03
1.613243530273437500e+03
2.078183593750000000e+03
2.010665649414062500e+03
1.646049560546875000e+03
1.394077026367187500e+03
1.863146606445312500e+03
1.362306396484375000e+03
1.548614013671875000e+03
1.480718383789062500e+03
1.247447753906250000e+03
1.953768066406250000e+03
1.726445800781250000e+03
2.247392822265625000e+03
1.378334594726562500e+03
1.277119873046875000e+03
1.827641601562500000e+03
1.241342651367187500e+03
2.086496337890625000e+03
1.450975463867187500e+03
1.280097045898437500e+03
1.393685424804687500e+03
1.343329956054687500e+03
2.136062011718750000e+03
1.577970703125000000e+03
2.317212890625000000e+03
1.219293457031250000e+03
2.076841552734375000e+03
1.539050048828125000e+03
1.459116333007812500e+03
1.265283325195312500e+03
1.481511352539062500e+03
1.746907348632812500e+03
1.414960815429687500e+03
1.416381103515625000e+03
1.506732666015625000e+03
1.240983886718750000e+03
1.430072387695312500e+03
1.426106689453125000e+03
1.256611938476562500e+03
4.705477539062500000e+03
1.654225097656250000e+03
1.227874755859375000e+03
2.222734130859375000e+03
2.093596679687500000e+03
1.249305908203125000e+03
1.600462402343750000e+03
1.976280273437500000e+03
2.351838378906250000e+03
1.641275268554687500e+03
1.530148559570312500e+03
1.692340698242187500e+03
1.459780639648437500e+03
1.423214233398437500e+03
1.287579711914062500e+03
1.440331176757812500e+03
1.276136718750000000e+03
1.338701293945312500e+03
1.258333374023437500e+03
1.696011962890625000e+03
1.445791503906250000e+03
1.339524291992187500e+03
1.244727172851562500e+03
1.516577392578125000e+03
1.290887939453125000e+03
1.387186035156250000e+03
1.204197143554687500e+03
1.254217163085937500e+03
1.256297241210937500e+03
1.308069335937500000e+03
1.798164794921875000e+03
2.012492065429687500e+03
1.673940673828125000e+03
1.486359130859375000e+03
1.523782348632812500e+03
2.346917236328125000e+03
1.686560302734375000e+03
1.205055419921875000e+03
1.555218017578125000e+03
1.310906250000000000e+03
1.963958129882812500e+03
2.330961914062500000e+03
3.508372070312500000e+03
1.287171997070312500e+03
1.229257690429687500e+03
2.038597167968750000e+03
1.853159790039062500e+03
1.532872680664062500e+03
2.503920898437500000e+03
1.213688476562500000e+03
1.206955810546875000e+03
1.211944580078125000e+03
3.004131835937500000e+03
2.383963623046875000e+03
2.126048095703125000e+03
1.521868408203125000e+03
1.899229248046875000e+03
1.332489013671875000e+03
1.256038452148437500e+03
1.288697875976562500e+03
1.368078857421875000e+03
1.622142089843750000e+03
1.650292968750000000e+03
2.025797607421875000e+03
1.448808715820312500e+03
1.265138549804687500e+03
1.559268066406250000e+03
1.258270507812500000e+03
1.393623779296875000e+03
2.436472412109375000e+03
1.392765502929687500e+03
1.387902221679687500e+03
1.538001586914062500e+03
2.101470947265625000e+03
1.455556396484375000e+03
1.207744262695312500e+03
1.297344848632812500e+03
2.743227050781250000e+03
1.580749633789062500e+03
1.282200195312500000e+03
1.243259155273437500e+03
1.968082153320312500e+03
2.110514892578125000e+03
1.319560546875000000e+03
1.221336059570312500e+03
1.217244873046875000e+03
1.787692016601562500e+03
1.205474853515625000e+03
1.417816040039062500e+03
1.437038574218750000e+03
1.588609863281250000e+03
1.649843750000000000e+03
1.521507812500000000e+03
1.350590454101562500e+03
1.569456665039062500e+03
2.891781005859375000e+03
2.578196044921875000e+03
1.750979125976562500e+03
1.338493164062500000e+03
2.030215576171875000e+03
1.314053955078125000e+03
1.210644775390625000e+03
1.344982666015625000e+03
1.353441406250000000e+03
1.546305053710937500e+03
1.335876464843750000e+03
1.416653686523437500e+03
1.557625122070312500e+03
2.253625000000000000e+03
1.331307495117187500e+03
2.067169433593750000e+03
1.486078002929687500e+03
1.662083618164062500e+03
1.691482055664062500e+03
1.442817504882812500e+03
1.239514648437500000e+03
1.984687255859375000e+03
1.800441284179687500e+03
1.773331298828125000e+03
1.313404174804687500e+03
2.155004394531250000e+03
1.393717407226562500e+03
1.201512573242187500e+03
1.298319824218750000e+03
1.347107177734375000e+03
1.802119750976562500e+03
1.305657226562500000e+03
1.590739990234375000e+03
1.318442138671875000e+03
1.242988647460937500e+03
1.750460815429687500e+03
2.268857910156250000e+03
1.551016235351562500e+03
1.296043090820312500e+03
1.630835937500000000e+03
1.749567260742187500e+03
1.376078735351562500e+03
1.353186401367187500e+03
1.640227050781250000e+03
2.356960205078125000e+03
1.318108642578125000e+03
1.382964477539062500e+03
1.526445678710937500e+03
2.087253906250000000e+03
1.973874755859375000e+03
1.730987915039062500e+03
1.330229736328125000e+03
1.340123535156250000e+03
1.771594482421875000e+03
1.456602294921875000e+03
1.606237915039062500e+03
1.333140136718750000e+03
1.922365234375000000e+03
1.900081909179687500e+03
1.263651245117187500e+03
1.578237915039062500e+03
1.635572998046875000e+03
1.316704467773437500e+03
2.843850830078125000e+03
1.577934448242187500e+03
1.947598388671875000e+03
2.072802490234375000e+03
1.210550659179687500e+03
1.834653564453125000e+03
2.221310791015625000e+03
1.651107177734375000e+03
1.557603027343750000e+03
1.316648681640625000e+03
1.226116088867187500e+03
1.216144287109375000e+03
1.529346801757812500e+03
1.201579711914062500e+03
1.580033081054687500e+03
1.554693725585937500e+03
1.426359130859375000e+03
1.577219360351562500e+03
1.349036132812500000e+03
1.248662475585937500e+03
1.835167968750000000e+03
1.313359497070312500e+03
2.797477050781250000e+03
1.332967895507812500e+03
2.263809082031250000e+03
1.306439697265625000e+03
1.462204833984375000e+03
1.541550537109375000e+03
1.527885986328125000e+03
1.329553588867187500e+03
1.274945312500000000e+03
1.938739990234375000e+03
1.208627319335937500e+03
1.207774414062500000e+03
1.740965698242187500e+03
2.741871582031250000e+03
1.721552734375000000e+03
1.478232788085937500e+03
1.318827514648437500e+03
1.324199829101562500e+03
1.222634399414062500e+03
1.322217285156250000e+03
1.645550903320312500e+03
1.309395141601562500e+03
1.309868286132812500e+03
1.245139770507812500e+03
1.208354492187500000e+03
1.236330932617187500e+03
1.527609741210937500e+03
1.435019165039062500e+03
2.197601318359375000e+03
2.070017578125000000e+03
1.357656250000000000e+03
1.461409301757812500e+03
1.273647705078125000e+03
2.322503662109375000e+03
2.094003662109375000e+03
1.373223876953125000e+03
1.337162597656250000e+03
1.446990356445312500e+03
1.448867065429687500e+03
1.320583129882812500e+03
2.109660888671875000e+03
1.306518188476562500e+03
1.227986816406250000e+03
1.391257812500000000e+03
1.823446411132812500e+03
1.985213378906250000e+03
1.297036987304687500e+03
1.221817871093750000e+03
1.798588256835937500e+03
1.718996704101562500e+03
1.878895874023437500e+03
1.901089965820312500e+03
1.313012207031250000e+03
1.693318237304687500e+03
1.546417602539062500e+03
1.594386474609375000e+03
1.371903930664062500e+03
1.384410522460937500e+03
1.613484130859375000e+03
2.165162841796875000e+03
1.403162475585937500e+03
2.198894042968750000e+03
2.833272949218750000e+03
1.474080688476562500e+03
1.253662841796875000e+03
1.437430175781250000e+03
1.206996704101562500e+03
1.499152832031250000e+03
1.764733032226562500e+03
1.865201660156250000e+03
1.259802856445312500e+03
1.487873413085937500e+03
1.722316162109375000e+03
1.957779907226562500e+03
2.283478027343750000e+03
1.464208984375000000e+03
1.622049316406250000e+03
1.325797119140625000e+03
1.366908813476562500e+03
2.040070190429687500e+03
1.647155517578125000e+03
1.571128295898437500e+03
2.116181640625000000e+03
1.386697753906250000e+03
1.832289184570312500e+03
1.627141479492187500e+03
1.670047241210937500e+03
1.418022827148437500e+03
1.557048828125000000e+03
1.617815307617187500e+03
1.345930053710937500e+03
1.287899047851562500e+03
1.541594116210937500e+03
1.764521972656250000e+03
2.276842041015625000e+03
1.301086547851562500e+03
1.651842041015625000e+03
1.538916015625000000e+03
1.425578613281250000e+03
1.717801147460937500e+03
1.282210937500000000e+03
1.352294311523437500e+03
2.637027587890625000e+03
1.708847534179687500e+03
1.279757934570312500e+03
1.252582397460937500e+03
1.224987792968750000e+03
1.231589843750000000e+03
1.977641479492187500e+03
1.587662109375000000e+03
1.204138061523437500e+03
1.340970703125000000e+03
1.388219238281250000e+03
1.603877441406250000e+03
1.768049560546875000e+03
1.776126586914062500e+03
1.503974731445312500e+03
1.530051025390625000e+03
1.733065917968750000e+03
1.614433227539062500e+03
1.239282592773437500e+03
1.644792602539062500e+03
1.223598876953125000e+03
1.553716430664062500e+03
1.382274780273437500e+03
1.268627319335937500e+03
1.366009277343750000e+03
1.575265136718750000e+03
1.345596069335937500e+03
1.554263671875000000e+03
2.206153320312500000e+03
2.000511108398437500e+03
1.765031127929687500e+03
3.750523193359375000e+03
1.540766601562500000e+03
1.232401367187500000e+03
1.367753295898437500e+03
1.631855102539062500e+03
2.887052490234375000e+03
1.320235961914062500e+03
1.973367797851562500e+03
1.363554321289062500e+03
2.470331298828125000e+03
2.382677246093750000e+03
1.223608276367187500e+03
1.390878295898437500e+03
1.703936401367187500e+03
1.850968750000000000e+03
1.985024902343750000e+03
1.201155273437500000e+03
1.334737548828125000e+03
2.152904785156250000e+03
1.648717041015625000e+03
1.264868896484375000e+03
1.400649291992187500e+03
1.323919799804687500e+03
1.490740722656250000e+03
2.189015869140625000e+03
1.509150634765625000e+03
1.553385009765625000e+03
2.812534423828125000e+03
1.705886474609375000e+03
2.088268310546875000e+03
1.594932250976562500e+03
1.389161621093750000e+03
1.358410522460937500e+03
1.779439575195312500e+03
1.729271850585937500e+03
1.242249145507812500e+03
1.601412719726562500e+03
1.343229736328125000e+03
1.238349243164062500e+03
1.320856689453125000e+03
1.244521850585937500e+03
1.429145629882812500e+03
1.349455932617187500e+03
1.410187377929687500e+03
1.638660644531250000e+03
1.575003295898437500e+03
2.583191894531250000e+03
1.449668334960937500e+03
1.213824829101562500e+03
1.330517333984375000e+03
2.367411865234375000e+03
1.253262207031250000e+03
1.516959960937500000e+03
2.308538330078125000e+03
1.571194335937500000e+03
1.300889404296875000e+03
1.319732421875000000e+03
2.056360839843750000e+03
1.217663696289062500e+03
1.567638793945312500e+03
1.578311767578125000e+03
1.511523559570312500e+03
1.276812500000000000e+03
1.386803833007812500e+03
2.593985595703125000e+03
1.270336547851562500e+03
1.340690185546875000e+03
1.645823364257812500e+03
1.936643432617187500e+03
1.230130859375000000e+03
1.676099487304687500e+03
1.651165405273437500e+03
1.214670043945312500e+03
1.241031250000000000e+03
1.542893066406250000e+03
1.383461791992187500e+03
1.326609375000000000e+03
1.454768676757812500e+03
1.977664428710937500e+03
2.476463623046875000e+03
1.227132202148437500e+03
1.427575439453125000e+03
1.636082763671875000e+03
1.900296020507812500e+03
2.121127929687500000e+03
1.347435302734375000e+03
1.388488525390625000e+03
1.939990722656250000e+03
1.238486572265625000e+03
1.619916015625000000e+03
1.331215454101562500e+03
1.439183349609375000e+03
1.627097656250000000e+03
1.340648803710937500e+03
1.370262084960937500e+03
1.950139038085937500e+03
1.723651855468750000e+03
1.875515991210937500e+03
1.280947631835937500e+03
1.730199096679687500e+03
1.228446044921875000e+03
1.341428100585937500e+03
1.335753662109375000e+03
1.233228881835937500e+03
3.098335205078125000e+03
1.384496826171875000e+03
1.270711791992187500e+03
1.206717651367187500e+03
1.502401489257812500e+03
1.412221679687500000e+03
1.291990112304687500e+03
1.258227416992187500e+03
1.520685424804687500e+03
1.528854614257812500e+03
2.068894287109375000e+03
1.833404174804687500e+03
2.771977050781250000e+03
1.287665893554687500e+03
1.534888671875000000e+03
1.618491943359375000e+03
1.367695800781250000e+03
1.282167846679687500e+03
1.291384033203125000e+03
1.233122192382812500e+03
1.778572875976562500e+03
1.560929809570312500e+03
3.211324707031250000e+03
1.249939453125000000e+03
1.243778442382812500e+03
2.150447998046875000e+03
2.720668701171875000e+03
2.503982910156250000e+03
1.238843261718750000e+03
1.836025268554687500e+03
1.277008422851562500e+03
3.111035156250000000e+03
1.223339355468750000e+03
1.310630859375000000e+03
2.312637939453125000e+03
1.472361938476562500e+03
1.354887817382812500e+03
1.236265991210937500e+03
1.562802612304687500e+03
1.756900146484375000e+03
1.454322509765625000e+03
1.491376220703125000e+03
1.603646728515625000e+03
1.440793212890625000e+03
1.380224853515625000e+03
3.429558593750000000e+03
1.258614624023437500e+03
1.858242431640625000e+03
1.537929809570312500e+03
1.861037597656250000e+03
1.317462524414062500e+03
1.680117309570312500e+03
1.790807373046875000e+03
1.213599121093750000e+03
1.486589477539062500e+03
1.510482421875000000e+03
1.366568481445312500e+03
1.701574462890625000e+03
1.211148925781250000e+03
1.590638793945312500e+03
3.270665527343750000e+03
1.213788696289062500e+03
1.528855834960937500e+03
1.614750732421875000e+03
1.428427856445312500e+03
1.298225830078125000e+03
1.379381347656250000e+03
1.244312744140625000e+03
2.200949218750000000e+03
3.449794189453125000e+03
1.206519165039062500e+03
1.399975341796875000e+03
1.251559570312500000e+03
1.410306518554687500e+03
1.642730224609375000e+03
1.253966552734375000e+03
1.229223754882812500e+03
1.366585083007812500e+03
2.262831787109375000e+03
1.268908569335937500e+03
1.309972778320312500e+03
1.443871337890625000e+03
1.694018676757812500e+03
1.311060180664062500e+03
1.579383911132812500e+03
1.268131225585937500e+03
1.724734619140625000e+03
1.260835449218750000e+03
1.224701782226562500e+03
1.872483886718750000e+03
1.326787719726562500e+03
1.511308105468750000e+03
1.596154663085937500e+03
1.377744384765625000e+03
2.326573242187500000e+03
1.367853271484375000e+03
2.220083496093750000e+03
2.052385986328125000e+03
1.412081176757812500e+03
1.332852539062500000e+03
1.424125122070312500e+03
1.265170043945312500e+03
1.366970336914062500e+03
1.338173950195312500e+03
2.233835449218750000e+03
1.381922973632812500e+03
1.317287841796875000e+03
1.277673461914062500e+03
1.287080688476562500e+03
1.220576660156250000e+03
1.397555175781250000e+03
1.535729492187500000e+03
3.030627685546875000e+03
1.350580566406250000e+03
1.399314697265625000e+03
1.200803710937500000e+03
1.310544311523437500e+03
1.515599121093750000e+03
1.796628051757812500e+03
2.004992431640625000e+03
2.207221191406250000e+03
1.542314086914062500e+03
1.599314453125000000e+03
1.474682739257812500e+03
1.475381347656250000e+03
1.831686889648437500e+03
1.295859985351562500e+03
1.265735107421875000e+03
1.207791015625000000e+03
1.681751586914062500e+03
2.503142089843750000e+03
1.271426635742187500e+03
1.357654907226562500e+03
1.201943359375000000e+03
1.319138305664062500e+03
1.384475341796875000e+03
1.247609008789062500e+03
1.643899902343750000e+03
1.296844482421875000e+03
2.314575439453125000e+03
1.375169921875000000e+03
2.133582763671875000e+03
1.489055786132812500e+03
1.407036132812500000e+03
1.848415039062500000e+03
1.353913452148437500e+03
1.596391479492187500e+03
2.070379638671875000e+03
1.277270507812500000e+03
1.937119628906250000e+03
1.379618530273437500e+03
1.355435424804687500e+03
1.216881713867187500e+03
1.404131958007812500e+03
1.608258422851562500e+03
2.100035888671875000e+03
1.763483520507812500e+03
1.468078369140625000e+03
1.522803833007812500e+03
2.322816162109375000e+03
1.269614624023437500e+03
2.103372802734375000e+03
1.355340820312500000e+03
1.234446044921875000e+03
1.375290893554687500e+03
1.354237548828125000e+03
1.244907470703125000e+03
1.523536376953125000e+03
1.228046020507812500e+03
1.358846679687500000e+03
1.905970092773437500e+03
2.190438232421875000e+03
1.291954833984375000e+03
1.525861694335937500e+03
1.260257446289062500e+03
1.209458862304687500e+03
2.895879394531250000e+03
1.255363525390625000e+03
2.569354248046875000e+03
1.529372192382812500e+03
1.222609741210937500e+03
1.401194213867187500e+03
1.924621093750000000e+03
1.423477661132812500e+03
1.262232299804687500e+03
1.274711059570312500e+03
1.457576171875000000e+03
1.732448486328125000e+03
1.270571411132812500e+03
1.608643188476562500e+03
1.324453369140625000e+03
2.121248535156250000e+03
1.411695556640625000e+03
1.378203125000000000e+03
2.380782470703125000e+03
1.646662841796875000e+03
1.224957275390625000e+03
1.379044311523437500e+03
1.201718017578125000e+03
1.413470581054687500e+03
1.363292480468750000e+03
1.392705322265625000e+03
1.271382324218750000e+03
1.529100830078125000e+03
1.225797119140625000e+03
1.635551513671875000e+03
1.213096435546875000e+03
1.498655517578125000e+03
1.451496215820312500e+03
1.473851440429687500e+03
1.427011108398437500e+03
1.959770019531250000e+03
1.470744628906250000e+03
1.627198242187500000e+03
1.748625976562500000e+03
1.499448364257812500e+03
1.347830200195312500e+03
1.229182495117187500e+03
1.545980102539062500e+03
1.683915283203125000e+03
1.437258911132812500e+03
2.150893798828125000e+03
1.870529663085937500e+03
1.895912231445312500e+03
